4294967279,100
4294967279,99
4294967279,98
4294967279,97
4294967279,552
4294967279,551
4294967279,550
4294967278,256
4294967279,549
4294967278,356
4294967279,252
4294967278,355
4294967278,255
4294967278,354
4294967279,548
4294967279,103
4294967279,102
4294967279,101
4294967279,547
4294967278,251
4294967279,546
4294967278,249
4294967279,105
4294967279,104
4294967279,545
4294967278,247
4294967279,246
4294967278,245
4294967279,244
4294967279,108
4294967279,107
4294967279,106
4294967279,241
4294967279,242
4294967278,241
4294967279,240
4294967278,239
4294967279,237
4294967278,353
4294967279,238
4294967278,236
4294967294,97
4294967279,544
4294967279,109
4294967278,233
4294967278,231
4294967279,110
4294967278,229
4294967279,111
4294967279,543
4294967278,214
4294967279,112
4294967279,116
4294967279,115
4294967279,114
4294967279,113
4294967278,352
4294967279,542
4294967278,210
4294967279,541
4294967279,540
4294967278,351
4294967279,124
4294967279,123
4294967279,122
4294967279,121
4294967279,120
4294967279,119
4294967279,118
4294967279,117
4294967279,539
4294967278,9
4294967278,8
4294967278,7
4294967278,6
4294967278,5
4294967278,4
4294967279,132
4294967279,131
4294967279,130
4294967279,129
4294967279,128
4294967279,127
4294967279,126
4294967279,125
4294967278,350
4294967279,538
4294967279,88
4294967279,174
4294967278,349
4294967279,537
4294967278,206
4294967278,24
4294967278,23
4294967278,22
4294967278,21
4294967278,20
4294967278,19
4294967278,18
4294967278,17
4294967278,16
4294967278,15
4294967278,14
4294967278,13
4294967278,12
4294967278,11
4294967278,10
4294967278,348
4294967278,347
4294967279,536
4294967278,204
4294967278,203
4294967279,535
4294967278,202
4294967278,201
4294967278,200
4294967278,198
4294967294,75
4294967294,18
4294967294,14
4294967294,20
4294967294,12
4294967278,196
4294967294,967
4294967294,963
4294967294,916
4294967294,899
4294967294,898
4294967294,421
4294967294,185
4294967294,182
4294967294,176
4294967294,173
4294967294,163
4294967294,161
4294967278,37
4294967278,36
4294967278,35
4294967278,34
4294967278,88
4294967278,33
4294967278,32
4294967278,31
4294967278,30
4294967278,29
4294967278,28
4294967278,27
4294967278,26
4294967278,25
4294967279,21
4294967279,19
4294967279,17
4294967279,15
4294967279,13
4294967279,12
4294967278,346
4294967278,174
4294967279,534
4294967278,194
4294967278,345
4294967279,533
4294967278,344
4294967278,190
4294967279,532
4294967278,189
4294967278,343
4294967278,188
4294967278,187
4294967294,89
4294967278,186
28,6
28,5
4294967278,185
28,4
28,3
28,2
28,1
4294967278,184
4294967294,903
4294967294,392
4294967294,114
4294967294,115
4294967278,181
4294967278,180
4294967294,37
4294967294,36
4294967294,39
4294967294,120
4294967278,179
4294967278,178
4294967278,176
4294967278,175
4294967279,531
4294967278,173
4294967294,40
4294967278,171
4294967278,170
4294967294,29
4294967278,169
4294967278,168
4294967278,167
25,4
25,3
25,2
25,1
4294967279,530
4294967278,166
4294967278,164
4294967278,163
4294967294,42
24,4
4294967278,162
24,3
24,2
24,1
4294967278,161
4294967294,390
4294967294,45
4294967294,427
4294967294,468
4294967278,158
23,5
4294967278,157
4294967278,156
23,4
23,3
23,2
23,1
4294967279,529
4294967278,155
4294967294,53
4294967278,153
22,4
4294967278,152
22,3
22,2
22,1
4294967294,1
4294967294,904
4294967294,186
0,7
4294967294,87
4294967294,85
4294967294,84
4294967294,0
4294967294,5
4294967294,91
4294967294,88
4294967278,342
4294967279,528
4294967294,92
4294967294,2
4294967294,38
4294967278,341
4294967279,527
4294967278,340
4294967279,526
4294967279,525
4294967294,107
4294967294,90
4294967294,86
4294967294,419
4294967294,950
4294967294,949
4294967294,921
4294967294,28
4294967294,920
4294967294,27
4294967294,469
4294967294,946
4294967294,437
4294967294,44
4294967294,424
4294967294,417
4294967294,96
4294967294,94
4294967278,339
4294967294,9
4294967294,8
4294967278,338
4294967278,0
4294967279,524
4294967279,0
4294967278,132
4294967278,131
4294967278,130
4294967278,129
4294967278,128
4294967278,127
4294967278,126
4294967278,125
4294967278,124
4294967278,123
4294967278,252
4294967278,122
4294967278,121
4294967278,120
4294967278,119
4294967278,118
4294967278,243
4294967278,117
4294967278,116
4294967278,115
4294967278,114
4294967278,113
4294967278,235
4294967278,112
4294967278,111
4294967278,110
4294967278,109
4294967278,227
4294967278,108
4294967278,225
4294967278,107
4294967278,223
4294967278,106
4294967278,221
4294967278,105
4294967278,219
4294967278,104
4294967278,217
4294967278,103
4294967278,102
4294967278,101
4294967278,100
4294967278,99
4294967278,98
4294967278,97
4294967278,96
4294967278,95
4294967278,94
4294967278,93
4294967278,92
4294967278,91
4294967278,90
4294967278,89
4294967278,87
4294967278,86
4294967278,85
4294967278,84
4294967278,83
4294967278,82
4294967278,81
4294967278,80
4294967278,79
4294967278,78
4294967278,77
4294967278,76
4294967278,75
4294967278,74
4294967278,73
4294967278,72
4294967278,71
4294967278,70
4294967278,69
4294967278,68
4294967278,67
4294967278,66
4294967278,65
4294967278,64
4294967278,63
4294967278,62
4294967278,61
4294967278,60
4294967278,59
4294967278,58
